
kMeans
======

Number of iterations: 5
Within cluster sum of squared errors: 44.27353311275501
Missing values globally replaced with mean/mode

Cluster centroids:
                         Cluster#
Attribute    Full Data          0          1          2          3          4          5          6          7          8          9
                 (673)       (48)       (14)       (26)       (87)       (12)      (284)      (111)       (48)        (5)       (38)
====================================================================================================================================
K0              0.0779          0          0          0          0          0     0.0108     0.0148      0.014          0     1.2376
K1              0.0301          0          0          0          0          0     0.0682          0          0          0     0.0224
K2              0.1997     1.5277          0     0.2731     0.0509          0     0.0214     0.0569     0.0177      6.514     0.0984
K3              0.2051     0.1677          0       2.16     0.0175          0     0.2166     0.0279     0.0513       0.17      0.115
K4              0.0962     0.0613          0     0.3108     0.0216          0     0.1567     0.0451     0.0252          0     0.0295
K5              0.1448     0.0529          0     0.7577     0.0194          0     0.2283     0.0315          0          0     0.1371
K6               0.235     0.0313     0.7136     0.0931     1.3662          0     0.0492     0.0642     0.0502          0     0.0497
K7              0.1919     0.0802     3.2621          0      0.037          0     0.0393      0.455     0.1992          0     0.1368
K8              0.1928     0.0363          0     0.0858     0.0154     3.1908     0.0182     0.6984     0.0177          0     0.0687
K9              0.1622     0.0821          0     0.0773     0.0662     0.0708     0.2931     0.0754     0.0419          0     0.0782
K10             0.1528     0.1425          0     0.0381     0.0348          0     0.2541     0.0464     0.2742          0     0.0387
K11             0.1734     0.0062     0.0479     0.0258     0.0062          0     0.3703     0.0318     0.0456          0     0.0947
K12             0.1019      0.029     0.1214     0.0208          0          0     0.0187     0.0224     1.1544          0     0.0455
K13             0.1221     0.0248          0     0.0535          0          0     0.2041     0.0486     0.2944          0     0.0547




=== Clustering stats for training data ===

Clustered Instances
 0       48 (  7%)
 1       14 (  2%)
 2       26 (  4%)
 3       87 ( 13%)
 4       12 (  2%)
 5      284 ( 42%)
 6      111 ( 16%)
 7       48 (  7%)
 8        5 (  1%)
 9       38 (  6%)

